compound,start_conc,amt,final_conc
pi,0.049038037,0.1,0.00098076074
mg2,0.4,0.074,0.00592
k,3.0,0.08,0.048
nad,0.004540056605994629,0.5,0.00045400566059946294
coa,0.0035301244168787155,0.5,0.0003530124416878716
camp,0.010126999278390603,0.5,0.0010126999278390603
5fthf,0.0009212380955202245,0.5,9.212380955202246e-05
spmd,0.0018078994450042554,0.5,0.00018078994450042556
glc__D,0.0541895278737384,0.5,0.005418952787373841
atp,0.020931295679354076,0.5,0.0020931295679354075
gtp,0.020968176979038494,0.5,0.0020968176979038497
ctp,0.012606310900522883,0.5,0.0012606310900522884
utp,0.012600646205404707,0.5,0.0012600646205404708
trna,0.00010421063052642001,0.5,1.0421063052642001e-05
ala,0.17819066460645863,1.0,0.035638132921291726
arg,0.21528713902710303,1.0,0.04305742780542061
asn,0.17819989741295533,1.0,0.035639979482591067
asp,0.17819345024634978,1.0,0.03563869004926996
cys,0.17802151268123698,1.0,0.0356043025362474
glu,0.17819791280124186,1.0,0.03563958256024837
gln,0.17802556748402992,1.0,0.035605113496805986
gly,0.1782051360893274,1.0,0.03564102721786548
his,0.17819178183001785,1.0,0.03563835636600357
ile,0.17820671026808851,1.0,0.03564134205361771
leu,0.1780285035578204,1.0,0.03560570071156408
lys,0.17802179050676525,1.0,0.035604358101353054
met,0.1780173169392591,1.0,0.03560346338785182
phe,0.1781980358608313,1.0,0.035639607172166264
pro,0.1781962910978688,1.0,0.03563925821957376
ser,0.1795661081978173,1.0,0.03591322163956346
thr,0.17819826175420386,1.0,0.035639652350840774
trp,0.17820125323813724,1.0,0.03564025064762745
tyr,0.17802034168418682,1.0,0.035604068336837366
val,0.17802449055035022,1.0,0.035604898110070046
GENE,0.0007183391319814023,0.496,7.12592418925551e-05