,0,Actual
0,0.0012973280332880042,0.5663312412867191
1,0.0013047437276939846,0.5237613245389916
2,0.001299821625403912,0.5897737755671638
3,0.0013010358804909912,0.9699882119974054
4,0.0012985748293459635,0.7580898769767672
5,0.001302282676548951,0.19734967553912797
6,0.0012998053549184818,0.40432373043357456
7,0.0013016592785199698,1.0
8,0.001300428752947462,0.9589738383801132
9,0.0012997648530437217,0.36140964445782126
10,0.0012971660257889725,0.19027680789137905
11,0.0012972470295384915,0.21928404473096244
12,0.0013009548767414741,0.15703809052863468
13,0.0012984938255964451,0.16360090037181513
14,0.001299100953139987,0.3736870513986257
15,0.001297870427567468,0.47359334748475246
16,0.001300995378616233,0.25906448888672107
