,0,Actual
0,0.03368167727183923,0.5663312412867191
1,0.03394479207112372,0.5237613245389916
2,0.033766285255244596,0.5897737755671638
3,0.03381323467148161,0.9699882119974054
4,0.03372398126354187,0.7580898769767672
5,0.03385553866318381,0.19734967553912797
6,0.03376860796751154,0.40432373043357456
7,0.033834386667332815,1.0
8,0.033789759963362906,0.9589738383801132
9,0.03376535803485166,0.36140964445782126
10,0.033668677541199725,0.19027680789137905
11,0.03367517740651962,0.21928404473096244
12,0.03380673480616166,0.15703809052863468
13,0.03371748139822199,0.16360090037181513
14,0.0337409561063407,0.3736870513986257
15,0.033696329402370835,0.47359334748475246
16,0.03380998473882153,0.25906448888672107
