,0,Actual
0,0.0026119047619048577,0.0
1,0.002983333333332832,0.0
2,0.0037472222222224836,0.0
3,0.003580555555554533,0.0
4,0.003955555555554784,0.03964757709251101
5,0.0031222222222226726,0.061674008810572695
6,0.004350297619047926,0.08370044052863436
7,0.003413888888889603,0.0881057268722467
8,0.0031222222222226726,0.09691629955947137
9,0.0031222222222226726,0.10572687224669602
10,0.003247222222222211,0.11013215859030837
11,0.0031222222222226726,0.1145374449339207
12,0.003622222222222495,0.14537444933920707
13,0.0030944444444448767,0.15859030837004404
14,0.003955555555554444,0.16299559471365638
15,0.0031222222222226726,0.16740088105726872
16,0.0031222222222226726,0.1762114537444934
17,0.0037888888888895213,0.1762114537444934
18,0.0031222222222226726,0.21145374449339205
19,0.0031222222222226726,0.22466960352422907
20,0.0031222222222226726,0.22466960352422907
21,0.0031222222222226726,0.2378854625550661
22,0.003400000000000472,0.24229074889867844
23,0.002913888888888915,0.25110132158590304
24,0.0031222222222226726,0.25110132158590304
25,0.0031222222222226726,0.2643171806167401
26,0.0030805555555543564,0.2687224669603524
27,0.0031222222222226726,0.2687224669603524
28,0.003122222222222301,0.27312775330396477
29,0.0031222222222226726,0.29074889867841414
30,0.0031222222222228144,0.31277533039647576
31,0.0031222222222226726,0.3392070484581498
32,0.0031222222222226726,0.3480176211453745
33,0.0032055555555553406,0.3700440528634361
34,0.0031222222222226726,0.40528634361233484
35,0.0017333333333330897,0.40528634361233484
36,0.0022888888888886044,0.4317180616740088
37,0.0031222222222226726,0.44933920704845814
38,0.0035388888888890227,0.5594713656387665
39,0.0033166666666669528,0.8193832599118943
40,0.0034277777777773927,1.0
